[gd_scene load_steps=14 format=3 uid="uid://bmyvbndtnnduy"]

[ext_resource type="Script" path="res://scenes/Main.cs" id="1_jgijl"]
[ext_resource type="PackedScene" uid="uid://dknlad56e8ivk" path="res://gltf/start.glb" id="2_p7q0a"]
[ext_resource type="Material" uid="uid://oqvfutc4ctei" path="res://materials/new_standard_material_3d.tres" id="2_w3tjv"]
[ext_resource type="PackedScene" uid="uid://dbh8dpincsp45" path="res://gltf/road.glb" id="4_0slj1"]
[ext_resource type="PackedScene" uid="uid://roetgiboulix" path="res://gltf/road_3.glb" id="4_6fks8"]
[ext_resource type="PackedScene" uid="uid://bcx1xqlx6873a" path="res://gltf/block.glb" id="6_0xnh2"]
[ext_resource type="PackedScene" uid="uid://cg3mm8pk6ic13" path="res://gltf/block_meh.glb" id="7_bve2y"]
[ext_resource type="PackedScene" uid="uid://x8s4vy7moq3s" path="res://gltf/block_good.glb" id="8_h3hwr"]
[ext_resource type="PackedScene" uid="uid://bi4ogbqlcy3il" path="res://gltf/new_good_block.glb" id="9_w1tdq"]
[ext_resource type="PackedScene" uid="uid://bgj7735bqumw7" path="res://gltf/nice_one.glb" id="10_s8nmt"]

[sub_resource type="ProceduralSkyMaterial" id="ProceduralSkyMaterial_nbn40"]
sky_horizon_color = Color(0.64625, 0.65575, 0.67075, 1)
ground_horizon_color = Color(0.64625, 0.65575, 0.67075, 1)

[sub_resource type="Sky" id="Sky_ve7jx"]
sky_material = SubResource("ProceduralSkyMaterial_nbn40")

[sub_resource type="Environment" id="Environment_j3quh"]
background_mode = 2
sky = SubResource("Sky_ve7jx")
tonemap_mode = 2
glow_enabled = true

[node name="world" type="Node3D"]
script = ExtResource("1_jgijl")

[node name="WorldEnvironment" type="WorldEnvironment" parent="."]
environment = SubResource("Environment_j3quh")

[node name="DirectionalLight3D" type="DirectionalLight3D" parent="."]
transform = Transform3D(-0.866023, -0.433016, 0.250001, 0, 0.499998, 0.866027, -0.500003, 0.749999, -0.43301, 0, 0, 0)
light_energy = 0.1
shadow_enabled = true

[node name="SpotLight3D" type="SpotLight3D" parent="."]
transform = Transform3D(1, 0, 0, 0, 0.00977365, 0.999952, 0, -0.999952, 0.00977365, -0.00481236, 4.21274, -0.117086)
light_color = Color(0.462745, 1, 1, 1)
light_energy = 16.0
light_volumetric_fog_energy = 12.96
light_size = 10.0
shadow_enabled = true

[node name="map" type="CSGCombiner3D" parent="."]

[node name="CSGBox3D" type="CSGBox3D" parent="map"]
transform = Transform3D(1, 0, 0, 0, 1, 0, 0, 0, 1, 0, -0.5, 0)
size = Vector3(20, 1, 20)
material = ExtResource("2_w3tjv")

[node name="start" parent="map" instance=ExtResource("2_p7q0a")]
transform = Transform3D(0.35, 0, 0, 0, 0.35, 0, 0, 0, 0.35, 0, 0.151893, 0)

[node name="road" parent="map" instance=ExtResource("4_0slj1")]
transform = Transform3D(1, 0, 0, 0, 1, 0, 0, 0, 1, 0.556701, -0.02, 6.50368)

[node name="road_3" parent="map" instance=ExtResource("4_6fks8")]
transform = Transform3D(1, 0, 0, 0, 1, 0, 0, 0, 1, -1.56847, 0, 0.207823)

[node name="block" parent="map" instance=ExtResource("6_0xnh2")]
transform = Transform3D(-0.361007, 0, -0.345939, 0.174468, 0.431755, -0.182067, 0.298722, -0.252166, -0.311733, -0.830087, 0.0890941, -0.90792)

[node name="block_meh" parent="map" instance=ExtResource("7_bve2y")]
transform = Transform3D(1.22054, -0.493964, -1.50542, 0.311089, 1.93804, -0.383698, 1.55354, 4.32134e-07, 1.25956, 5.13616, -0.0822741, -1.02177)

[node name="block_good" parent="map" instance=ExtResource("8_h3hwr")]
transform = Transform3D(-3.82618, -3.12924e-06, -3.21875, 1.24208, 4.61272, -1.47649, 2.96944, -1.92945, -3.52982, 8.11432, 0.798718, 5.26545)

[node name="new_good_block" parent="map" instance=ExtResource("9_w1tdq")]
transform = Transform3D(1, 0, 0, 0, 1, 0, 0, 0, 1, 1.85758, 0, -2.6397)

[node name="Node3D" type="Node3D" parent="map"]
transform = Transform3D(0.5, 0, 0, 0, 0.5, 0, 0, 0, 0.5, 0, 1.49098, 0)

[node name="nice_one2" parent="map/Node3D" instance=ExtResource("10_s8nmt")]

[node name="road2" parent="map" instance=ExtResource("4_0slj1")]
transform = Transform3D(0.145772, 0, -0.989318, 0, 1, 0, 0.989318, 0, 0.145772, 0.537703, 0.00163953, 4.80625)

[node name="road3" parent="map" instance=ExtResource("4_0slj1")]
transform = Transform3D(-0.995248, 0, -0.0973745, 0, 1, 0, 0.0973745, 0, -0.995248, 0.26386, 0.00153083, 3.22136)

[node name="road4" parent="map" instance=ExtResource("4_0slj1")]
transform = Transform3D(-0.0487452, 0, 0.998811, 0, 1, 0, -0.998811, 0, -0.0487452, 0.19555, 0.00794669, 1.40133)

[node name="Camera3D" type="Camera3D" parent="."]
transform = Transform3D(-0.0109342, 0.335289, -0.942052, -0.00200835, 0.942099, 0.335329, 0.999938, 0.00555853, -0.00962775, -3.53899, 2.28734, 5.96046e-08)
